20.0 20.0
126.15 297.59
128.17 286.87
130.23 275.91
132.34 264.77
134.51 253.50
136.78 242.15
139.16 230.78
141.66 219.44
144.31 208.18
147.12 197.06
150.11 186.12
153.31 175.43
156.73 165.03
160.38 154.98
164.30 145.33
168.49 136.13
172.98 127.44
177.78 119.31
182.92 111.80
188.41 104.95
194.27 98.82
200.51 93.46
207.17 88.93
214.26 85.27
221.79 82.55
229.79 80.81
238.27 80.11
247.26 80.50
256.76 82.04
262.64 83.43
267.22 84.47
271.77 85.44
276.29 86.35
280.79 87.19
285.28 87.97
289.76 88.69
294.23 89.35
298.72 89.96
303.21 90.51
307.72 91.01
312.26 91.45
316.82 91.85
321.43 92.20
326.07 92.51
330.77 92.78
335.52 93.00
340.34 93.18
345.22 93.33
350.18 93.45
355.23 93.53
360.35 93.58
365.58 93.60
370.90 93.59
376.34 93.56
381.88 93.51
387.55 93.43
393.34 93.34
399.26 93.23
405.33 93.10
411.53 92.96
417.90 92.81
424.41 92.65
431.10 92.48
437.95 92.31
444.98 92.13
452.20 91.96
459.60 91.78
467.21 91.61
475.01 91.44
483.03 91.28
491.25 91.12
499.71 90.98
508.39 90.85
517.30 90.73
526.46 90.63
535.86 90.55
545.52 90.49
555.43 90.45
565.62 90.44
576.07 90.45
586.81 90.49
597.83 90.56
609.15 90.66
620.76 90.80
632.68 90.97
644.90 91.18
657.45 91.43
670.32 91.73
683.52 92.06
697.06 92.45
710.94 92.88
725.17 93.36
739.75 93.89
754.70 94.48
770.02 95.12
785.71 95.82
801.78 96.58
818.24 97.41
835.10 98.29
852.35 99.24
870.01 100.26
888.09 101.35
906.58 102.51
925.50 103.75
944.86 105.06
964.65 106.44
984.89 107.91
1005.58 109.46
1026.72 111.09
1048.33 112.81
1070.41 114.61
1088.91 116.41
1101.74 119.53
1112.82 124.31
1122.19 130.43
1129.91 137.60
1136.04 145.52
1140.62 153.87
1143.73 162.36
1145.41 170.69
1145.72 178.55
1144.71 185.63
1141.86 193.09
1137.20 199.99
1131.12 205.82
1123.79 210.75
1115.40 214.92
1106.14 218.48
1096.18 221.58
1085.70 224.37
1074.91 227.00
1063.97 229.62
1053.07 232.39
1042.40 235.44
1032.14 238.93
1022.47 243.02
1013.58 247.85
1005.66 253.56
998.88 260.32
993.43 268.27
989.47 277.64
987.67 286.97
988.39 294.90
991.39 301.56
996.42 307.09
1003.25 311.61
1011.64 315.28
1021.34 318.23
1032.12 320.59
1043.73 322.51
1055.94 324.11
1068.49 325.54
1081.16 326.94
1093.70 328.43
1105.87 330.17
1117.43 332.28
1128.14 334.90
1137.76 338.16
1146.05 342.22
1152.76 347.20
1157.66 353.24
1160.51 360.48
1161.07 369.65
1159.52 379.58
1156.12 387.51
1151.06 393.68
1144.56 398.35
1136.80 401.76
1128.00 404.17
1118.34 405.81
1108.03 406.95
1097.27 407.82
1086.25 408.68
1075.18 409.77
1064.27 411.34
1053.69 413.65
1043.67 416.93
1034.39 421.44
1026.06 427.43
1018.87 435.14
1013.05 444.80
1009.71 454.58
1009.15 463.52
1011.00 471.73
1014.88 479.36
1020.42 486.55
1027.26 493.43
1035.02 500.12
1043.34 506.78
1051.85 513.53
1060.17 520.52
1067.95 527.87
1074.80 535.72
1080.35 544.20
1084.25 553.46
1086.12 563.62
1085.82 572.59
1084.03 579.07
1080.85 585.36
1076.40 591.44
1070.77 597.27
1064.07 602.85
1056.41 608.13
1047.90 613.10
1038.64 617.73
1028.73 621.99
1018.29 625.86
1007.41 629.32
996.21 632.33
984.79 634.88
973.26 636.93
961.72 638.47
950.28 639.46
939.04 639.89
928.11 639.72
917.60 638.93
907.47 637.47
895.45 635.09
883.94 632.36
872.90 629.30
862.33 625.92
852.20 622.22
842.50 618.22
833.21 613.93
824.31 609.37
815.77 604.54
807.60 599.46
799.75 594.13
792.22 588.57
784.99 582.79
778.04 576.80
771.34 570.61
764.89 564.24
758.66 557.69
752.64 550.98
746.80 544.12
741.13 537.11
735.61 529.98
730.21 522.73
724.93 515.37
719.74 507.92
714.63 500.38
709.57 492.77
704.55 485.10
699.55 477.39
694.55 469.63
689.53 461.85
684.48 454.05
679.37 446.25
674.19 438.46
668.91 430.68
663.52 422.94
658.01 415.24
652.34 407.59
646.51 400.01
640.50 392.50
634.28 385.08
627.84 377.76
621.16 370.55
614.22 363.46
607.00 356.51
599.49 349.70
591.66 343.04
583.50 336.56
574.98 330.25
566.10 324.13
556.83 318.22
547.15 312.52
537.04 307.04
526.49 301.80
515.48 296.80
503.99 292.07
491.99 287.60
480.29 283.80
468.93 281.23
457.39 279.71
445.83 279.18
434.40 279.59
423.27 280.89
412.61 283.02
402.56 285.93
393.30 289.57
384.98 293.89
377.76 298.84
371.81 304.35
367.29 310.38
364.36 316.88
362.57 326.22
362.94 334.83
365.24 342.65
369.12 349.98
374.25 357.10
380.28 364.32
386.89 371.92
393.72 380.22
400.43 389.49
406.70 400.05
411.95 411.60
415.48 421.69
418.23 431.99
420.22 442.39
421.44 452.82
421.90 463.18
421.61 473.38
420.56 483.34
418.77 492.98
416.23 502.19
412.94 510.91
408.92 519.03
403.61 527.30
396.84 535.76
389.57 543.03
381.83 549.17
373.66 554.24
365.12 558.28
356.23 561.37
347.06 563.55
337.63 564.89
327.99 565.44
318.19 565.25
308.27 564.39
298.26 562.92
288.22 560.88
278.19 558.33
268.21 555.35
258.32 551.97
248.57 548.26
239.00 544.27
229.65 540.07
220.56 535.70
211.79 531.23
203.37 526.71
194.64 521.61
186.41 516.14
178.69 510.34
171.47 504.20
164.76 497.73
158.53 490.94
152.79 483.83
147.52 476.41
142.73 468.69
138.39 460.68
134.51 452.38
131.08 443.79
128.09 434.93
125.54 425.80
123.41 416.41
121.70 406.76
120.41 396.86
119.52 386.71
119.03 376.33
118.93 365.72
119.21 354.89
119.87 343.84
120.90 332.57
122.30 321.11
124.05 309.45
